100
9.79789 4.0000 300.79233
309.00000 1.00000 353.00000
358.0 1.0 738.0
402.15 3.1843 1903.99
495.99229 1.27381 1974.82540
496.23651 1.36055 1903.53498
1.00000 1.14 1952.35818
497.42042 1.19049 1926.26468
256.00000 3.00000 280.00000
95.0 2.0 1012.0
414.4 1.04969 766.59957
490.58818 1.35068 1957.84024
452.19801 2.23868 1602.36655
494.28073 1.00848 1970.49305
206.97228 3.59496 403.29473
355.0 4.0 1009.0
498.36942 1.13281 1944.93575
219.59861 2.69517 858.27660
455.85745 2.0 213.317
494.12907 1.46647 1996.26605
494.65090 1.02290 1934.02323
56.0 2.0 604.0
412.00000 1.00000 431.00000
466.5007 2.514 2000.0
72.48867 2.82073 955.82569
494.44445 1.23766 1985.32179
498.78734 1.36298 1916.59800
494.12491 1.33563 1984.57059
82.00000 2.00000 164.00000
338.77 2.0 1.000
210.04994 3.02734 710.89818
284.00000 2.00000 298.00000
152.23305 1.12335 1788.29271
168.10325 3.3 58.70
317.99120 1.81862 89.64229
202.28649 3.59337 856.09042
495.29448 1.19721 1940.95079
462.00000 2.00000 924.00000
409.02122 3.45929 1833.74943
336.43927 3.26091 1743.22574
347.0 3.49 1348.0
496.21698 1.21632 1991.92935
197.47025 1.28096 1993.18297
494.76391 1.14263 1943.45346
492.64526 1.29526 1975.07793
142.547 1.0 588.460
1.01501 3.40911 1999.51300
346.92092 1.0610 1353.986
495.57903 1.47684 1963.08975
496.91704 1.07572 1915.14295
162.0 4.0 28.0
286.6 2.2 539.34
495.14701 1.35237 1977.77714
495.57050 1.06108 1953.22198
56.1 2.23 702.2860
484.00000 2.00000 968.00000
496.70621 1.03086 1942.57668
48.0 2.0 1412.0
71.30264 2.46674 1200.53709
153.03927 1.65704 1753.97663
102.47930 2.63890 745.51687
469.0 3.0 692.0
171.0 1.0 1722.0
40.5 1.20 759.05
224.36940 2.59985 1392.34297
358.64400 3.07142 271.77430
493.48265 1.42057 1975.27146
497.48439 1.46735 1969.45111
492.43960 1.19141 1950.71792
497.70308 1.22704 1938.93397
498.13400 1.28441 1963.29703
266.0 1.000 1648.90
430.0 2.0 1332.0
68.57270 1.44457 27.59355
351.09357 1.04410 514.31946
456.0 3.0 1488.0
17.06532 1.94229 77.74438
491.21769 1.43259 1975.87768
1.09569 3.64076 1999.68068
490.48046 1.25763 1946.14795
496.76898 1.48570 1906.17870
351.00000 2.00000 702.00000
496.21026 1.42715 1948.69889
498.09340 1.41582 1971.05247
474.0 2.0 35.0
1.08619 3.48459 1999.17081
500.0000 2.56670 1343.46
3.25698 1.41715 103.33747
494.18569 1.14430 1981.46705
77.18 3.27 1509.75632
491.39606 1.22849 1977.79426
496.11614 1.27106 1915.53243
1.09151 3.40031 1999.64940
496.40740 1.43324 1967.10814
157.0 2.0 1302.0
495.06226 1.29755 1922.85110
156.0 2.0 803.0
1.08182 3.91066 2.07981
169.0 3.2 755.8
354.0 2.776 1656.11
